12 0.309524 0.597744 0.470899 0.150376
12 0.142857 0.885338 0.285714 0.221805
12 0.526455 0.763158 0.513228 0.195489
12 0.182540 0.351504 0.343915 0.199248
12 0.462963 0.227444 0.333333 0.199248
12 0.291005 0.077068 0.444444 0.146617
12 0.685185 0.172932 0.164021 0.255639
12 0.878307 0.039474 0.232804 0.071429
12 0.928571 0.221805 0.132275 0.263158
12 0.833333 0.366541 0.174603 0.266917
12 0.547619 0.360902 0.280423 0.090226
12 0.711640 0.609023 0.206349 0.120301
12 0.955026 0.689850 0.079365 0.327068
12 0.777778 0.936090 0.433862 0.120301