12 0.496667 0.443452 0.253333 0.529762
12 0.708333 0.187500 0.190000 0.255952
12 0.930000 0.148810 0.133333 0.142857
12 0.951667 0.449405 0.090000 0.279762
12 0.728333 0.508929 0.136667 0.244048
12 0.688333 0.907738 0.116667 0.136905
12 0.703333 0.735119 0.153333 0.208333
12 0.095000 0.520833 0.070000 0.172619
12 0.160000 0.163690 0.066667 0.113095
12 0.353333 0.636905 0.060000 0.190476
12 0.458333 0.821429 0.096667 0.142857
12 0.415000 0.907738 0.063333 0.089286
12 0.213333 0.752976 0.080000 0.101190
12 0.348333 0.205357 0.070000 0.113095