6 0.271000 0.020055 0.154000 0.040111
6 0.093000 0.062932 0.066000 0.056708
6 0.615000 0.087137 0.114000 0.094053
6 0.262000 0.077455 0.120000 0.019364
6 0.065000 0.173582 0.130000 0.153527
6 0.453000 0.183264 0.078000 0.042877
6 0.927000 0.207469 0.074000 0.038728
6 0.607000 0.242739 0.170000 0.076072
6 0.317000 0.228216 0.082000 0.038728
6 0.923000 0.279391 0.126000 0.085754
6 0.113000 0.329184 0.226000 0.118949
6 0.493000 0.325035 0.146000 0.110650
6 0.199000 0.473721 0.398000 0.269710
6 0.717000 0.610650 0.566000 0.493776
6 0.289000 0.630705 0.254000 0.301521
6 0.858000 0.718534 0.136000 0.076072
6 0.271000 0.848548 0.302000 0.258645
6 0.943000 0.790456 0.070000 0.031812
6 0.593000 0.897649 0.266000 0.204703
6 0.410000 0.965422 0.128000 0.069156